0,0,0,0.3475935829,0.320855615,0.0909090909,0,0.1069518717,0,0.0802139037,0.0534759358,264,187
1,0,1,0.2604166667,0.5,0.0833333333,0.0104166667,0.0729166667,0,0.0104166667,0.0625,101,96
2,0,2,0.2735426009,0.4798206278,0.0717488789,0,0.0852017937,0,0.0224215247,0.067264574,245,223
3,0,3,0.3185185185,0.3333333333,0.1111111111,0,0.1185185185,0,0.0666666667,0.0518518519,193,135
4,0,4,0.3309024613,0.3628076572,0.065633546,0.0018231541,0.1321786691,0,0.0464904284,0.0601640839,1434,1097
5,0,5,0.2916666667,0.3833333333,0.0791666667,0,0.1416666667,0,0.0541666667,0.05,344,240
6,0,6,0.3197080292,0.404379562,0.0744525547,0.0058394161,0.097080292,0,0.0335766423,0.0649635036,1590,1370
7,0,7,0.3198380567,0.3866396761,0.0850202429,0.0020242915,0.1072874494,0,0.0506072874,0.048582996,640,494
8,0,8,0.3348765432,0.4027777778,0.0802469136,0.0046296296,0.0941358025,0.0015432099,0.0354938272,0.0462962963,761,648
9,0,9,0.2592592593,0.3703703704,0.1111111111,0,0.2222222222,0,0,0.037037037,40,27
10,1,0,0.2926829268,0.4146341463,0.0243902439,0,0.1463414634,0,0.0487804878,0.0731707317,110,82
11,1,1,0.425,0.325,0.05,0.025,0.1,0,0.025,0.05,42,40
12,1,2,0.3803680982,0.3067484663,0.0674846626,0.0122699387,0.0797546012,0,0.1104294479,0.0429447853,238,163
13,1,3,0.2205882353,0.4264705882,0.0294117647,0,0.1764705882,0,0.0735294118,0.0735294118,111,68
14,1,4,0.3661710037,0.3382899628,0.0762081784,0.0018587361,0.1059479554,0,0.0427509294,0.0687732342,633,538
15,1,5,0.4020618557,0.2680412371,0.1237113402,0.0103092784,0.0824742268,0,0.0618556701,0.0515463918,121,97
16,1,6,0.302259887,0.3799435028,0.093220339,0.0014124294,0.0776836158,0,0.0494350282,0.0960451977,834,708
17,1,7,0.3083700441,0.3964757709,0.0572687225,0.0088105727,0.0969162996,0,0.0616740088,0.0704845815,294,227
18,1,8,0.3566666667,0.3633333333,0.0666666667,0,0.0766666667,0,0.0766666667,0.06,379,300
19,1,9,0.4615384615,0.2307692308,0.0769230769,0,0.0769230769,0,0.0769230769,0.0769230769,15,13
20,2,0,0.3237410072,0.345323741,0.1294964029,0.0071942446,0.0935251799,0,0.0143884892,0.0863309353,151,139
21,2,1,0.2470588235,0.4470588235,0.0705882353,0,0.1176470588,0,0.1176470588,0,150,85
22,2,2,0.3106382979,0.3744680851,0.1234042553,0.0127659574,0.1063829787,0,0.029787234,0.0425531915,297,235
23,2,3,0.3592814371,0.371257485,0.0778443114,0.005988024,0.0898203593,0,0.0299401198,0.0658682635,181,167
24,2,4,0.3283410138,0.3721198157,0.0783410138,0.0103686636,0.1036866359,0,0.0449308756,0.0622119816,1080,868
25,2,5,0.2945736434,0.4031007752,0.1046511628,0,0.0891472868,0,0.0620155039,0.0465116279,346,258
26,2,6,0.3401139138,0.3751017087,0.0740439382,0.0032546786,0.1122864117,0,0.0463791701,0.048820179,1549,1229
27,2,7,0.3224400871,0.3551198257,0.1023965142,0.0021786492,0.0980392157,0.0021786492,0.0675381264,0.0501089325,631,459
28,2,8,0.2714285714,0.419047619,0.0833333333,0.0095238095,0.1238095238,0,0.030952381,0.0619047619,544,420
29,2,9,0.5,0.2222222222,0,0,0.1666666667,0,0,0.1111111111,16,18
30,3,0,0.3866666667,0.3466666667,0.0488888889,0.0044444444,0.0933333333,0,0.0488888889,0.0711111111,253,225
31,3,1,0.2641509434,0.4150943396,0.0754716981,0.0094339623,0.1037735849,0,0.0943396226,0.0377358491,167,106
32,3,2,0.2669172932,0.4812030075,0.0601503759,0.0037593985,0.1127819549,0,0.037593985,0.037593985,343,266
33,3,3,0.3495934959,0.3495934959,0.0650406504,0,0.0894308943,0,0.0650406504,0.081300813,151,123
34,3,4,0.3651804671,0.3450106157,0.0668789809,0.0095541401,0.1284501062,0.0010615711,0.0297239915,0.0541401274,1135,942
35,3,5,0.2692307692,0.3516483516,0.1428571429,0.0054945055,0.0769230769,0,0.0714285714,0.0824175824,253,182
36,3,6,0.3531531532,0.3828828829,0.0684684685,0.0027027027,0.0882882883,0,0.0378378378,0.0666666667,1230,1110
37,3,7,0.3385214008,0.3891050584,0.0680933852,0.0058365759,0.1089494163,0,0.0428015564,0.046692607,635,514
38,3,8,0.3083333333,0.4233333333,0.0783333333,0,0.1033333333,0.0016666667,0.0383333333,0.0466666667,739,600
39,3,9,0.3636363636,0.5,0.0454545455,0,0.0909090909,0,0,0,21,22
40,4,0,0.3377926421,0.358974359,0.0713489409,0.0033444816,0.132664437,0,0.0579710145,0.0379041249,1247,897
41,4,1,0.265258216,0.4272300469,0.0892018779,0.0023474178,0.1291079812,0,0.0610328638,0.0258215962,637,426
42,4,2,0.3112947658,0.3985307622,0.0615243343,0.0045913682,0.1202938476,0,0.0550964187,0.0486685032,1467,1089
43,4,3,0.3243243243,0.3708708709,0.0750750751,0.006006006,0.1261261261,0,0.0675675676,0.03003003,965,666
44,4,4,0.3667767336,0.334010668,0.062992126,0.0043180086,0.1455422911,0.0002540005,0.0378460757,0.0482600965,5053,3937
45,4,5,0.3219315895,0.3973843058,0.0764587525,0.0040241449,0.1026156942,0,0.0513078471,0.046277666,1273,994
46,4,6,0.3294797688,0.3986216096,0.0698088039,0.0042240996,0.1024899956,0,0.0460204535,0.049355269,5564,4498
47,4,7,0.3275299238,0.386289445,0.0658324266,0.0054406964,0.1175190424,0,0.0489662677,0.048422198,2386,1838
48,4,8,0.3181448332,0.38364524,0.0667209113,0.0020341741,0.1338486574,0,0.0496338487,0.0459723352,3334,2458
49,4,9,0.2843137255,0.4117647059,0.0588235294,0,0.1960784314,0,0.0098039216,0.0392156863,140,102
50,5,0,0.2564102564,0.4871794872,0.0512820513,0,0.0512820513,0,0.0384615385,0.1153846154,80,78
51,5,1,0.3,0.4666666667,0.0333333333,0,0.0666666667,0,0.0333333333,0.1,30,30
52,5,2,0.3947368421,0.3026315789,0.0921052632,0,0.1052631579,0,0.0131578947,0.0921052632,75,76
53,5,3,0.380952381,0.3333333333,0.0714285714,0,0.0714285714,0,0.0476190476,0.0952380952,44,42
54,5,4,0.3578528827,0.3777335984,0.0854870775,0.0059642147,0.0795228628,0,0.0298210736,0.0636182903,535,503
55,5,5,0.4064516129,0.3612903226,0.0774193548,0.0064516129,0.0580645161,0,0.0129032258,0.0774193548,131,155
56,5,6,0.4015037594,0.3518796992,0.0436090226,0.0030075188,0.0842105263,0,0.030075188,0.0857142857,642,665
57,5,7,0.4020618557,0.3969072165,0.0567010309,0,0.0567010309,0,0.0154639175,0.0721649485,161,194
58,5,8,0.4,0.3291666667,0.0833333333,0.0083333333,0.075,0,0.0166666667,0.0875,221,240
59,5,9,0.25,0.5,0,0,0,0,0,0.25,2,4
60,6,0,0.3385826772,0.4015748031,0.062992126,0.0157480315,0.0866141732,0,0.031496063,0.062992126,141,127
61,6,1,0.3023255814,0.3720930233,0.1046511628,0.011627907,0.0348837209,0,0.1046511628,0.0697674419,119,86
62,6,2,0.35,0.4625,0.075,0,0.05,0,0.025,0.0375,77,80
63,6,3,0.3611111111,0.4166666667,0.0555555556,0,0.0555555556,0,0.0138888889,0.0972222222,60,72
64,6,4,0.3669724771,0.3321100917,0.0880733945,0,0.0990825688,0,0.0495412844,0.0642201835,655,545
65,6,5,0.2755905512,0.4488188976,0.0708661417,0,0.125984252,0,0.0551181102,0.0236220472,181,127
66,6,6,0.3461538462,0.3585164835,0.0851648352,0.0041208791,0.0879120879,0,0.0453296703,0.0728021978,848,728
67,6,7,0.3800904977,0.3891402715,0.0859728507,0,0.07239819,0,0.0180995475,0.0542986425,212,221
68,6,8,0.3138686131,0.397810219,0.0474452555,0.003649635,0.1240875912,0,0.0620437956,0.0510948905,376,274
69,6,9,0.2,0.4,0.1,0,0,0,0.1,0.2,12,10
70,7,0,0.2909090909,0.402020202,0.0646464646,0.002020202,0.1313131313,0,0.0606060606,0.0484848485,706,495
71,7,1,0.2717770035,0.3379790941,0.1393728223,0.0069686411,0.1463414634,0,0.0696864111,0.0278745645,471,287
72,7,2,0.3245192308,0.3894230769,0.0612980769,0.0048076923,0.109375,0,0.0769230769,0.0336538462,1186,832
73,7,3,0.3309352518,0.3693045564,0.0599520384,0.0047961631,0.1534772182,0,0.0503597122,0.03117506,592,417
74,7,4,0.377086743,0.3335515548,0.0592471358,0.0029459902,0.1361702128,0,0.051391162,0.0396072013,4014,3055
75,7,5,0.2824773414,0.4078549849,0.0755287009,0.0060422961,0.1163141994,0,0.0634441088,0.0483383686,942,662
76,7,6,0.3396825397,0.3861471861,0.0701298701,0.0023088023,0.1064935065,0,0.0554112554,0.0398268398,4476,3465
77,7,7,0.3337670787,0.3786597267,0.0579050098,0.0026024723,0.11906311,0,0.0754716981,0.0325309044,2200,1537
78,7,8,0.3223046207,0.3970336566,0.0587564176,0.0051340559,0.1192241871,0.0005704507,0.0638904735,0.033086138,2442,1753
79,7,9,0.3398058252,0.2718446602,0.1067961165,0.0194174757,0.1941747573,0,0.0388349515,0.0291262136,160,103
80,8,0,0.3263888889,0.3888888889,0.0578703704,0.0023148148,0.1203703704,0,0.0393518519,0.0648148148,531,432
81,8,1,0.2588235294,0.4705882353,0.0705882353,0,0.1,0,0.0470588235,0.0529411765,220,170
82,8,2,0.3227722772,0.3722772277,0.0930693069,0,0.1128712871,0,0.0574257426,0.0415841584,684,505
83,8,3,0.2738589212,0.3941908714,0.0912863071,0,0.1369294606,0,0.0622406639,0.0414937759,361,241
84,8,4,0.3748577929,0.3543799772,0.0676905575,0.0068259386,0.1137656428,0,0.0329920364,0.0494880546,2045,1758
85,8,5,0.2900188324,0.4218455744,0.0734463277,0.0037664783,0.1148775895,0,0.0564971751,0.0395480226,732,531
86,8,6,0.3441926346,0.3762983947,0.0812086874,0.0042492918,0.1029272899,0,0.0410764873,0.0500472144,2562,2118
87,8,7,0.3596112311,0.3876889849,0.0691144708,0.0043196544,0.1036717063,0,0.0334773218,0.0421166307,1069,926
88,8,8,0.3046357616,0.3888363292,0.0832544939,0.0028382214,0.1173131504,0,0.0491958373,0.0539262062,1404,1057
89,8,9,0.34,0.34,0.18,0,0.06,0,0.04,0.04,59,50
90,9,0,0.3126293996,0.3944099379,0.0807453416,0.0062111801,0.1180124224,0,0.0486542443,0.0393374741,1293,966
91,9,1,0.2505175983,0.4161490683,0.0910973085,0.0062111801,0.1118012422,0,0.0745341615,0.049689441,730,483
92,9,2,0.2658907789,0.4529991047,0.0778871979,0.0044762757,0.1119068935,0,0.0510295434,0.0358102059,1537,1117
93,9,3,0.3308080808,0.3901515152,0.0593434343,0.0063131313,0.1212121212,0,0.0505050505,0.0416666667,1042,792
94,9,4,0.3676641151,0.3558339132,0.0684295987,0.0037114359,0.1268847135,0.0002319647,0.0380422176,0.0392020413,5349,4311
95,9,5,0.2977839335,0.4099722992,0.08033241,0.0041551247,0.1163434903,0,0.0574792244,0.033933518,2012,1444
96,9,6,0.3324612222,0.3909549617,0.0790506447,0.0039245001,0.1076434311,0.000186881,0.0469071202,0.038871239,6816,5351
97,9,7,0.3423512051,0.3841613379,0.069847516,0.0083620266,0.1210034432,0.0009837678,0.0354156419,0.0378750615,2542,2033
98,9,8,0.3127572016,0.4279835391,0.0680882903,0.0022446689,0.1069958848,0.000748223,0.0445192667,0.0366629256,3394,2673
99,9,9,0.3103448276,0.2965517241,0.0827586207,0.0068965517,0.1931034483,0,0.0620689655,0.0482758621,236,145
